Created: 2017-06-21 16:07:57
Description: 
IDN: OPSENS-10, Pico-M, SN:61N0174, HRN:5.14, FRN:5.62.6  11Oct06, LRN:n/a
Measure period (s): 0.02

Channel number: 1
Description: 
Sensor type: T
Sensor unit: C
Gauge factors: 0,0,0,0
Internal offset: 0
Physical offset: 0
Filter type: AdaptiveFilter (1,430,0.15,3)

Instrument data:

00023.76000
00023.76000
00023.76000
00023.76000
00023.76000
00023.76000
00023.76000
00023.76000
00023.76000
00023.76000
00023.76000
00023.76000
00023.76000
00023.76000
00023.76000
00023.76000
00023.76000
00023.76000
00023.76000
00023.76000
00023.76000
00023.76000
00023.76000
00023.76000
00023.76000
00023.76000
00023.76000
00023.76000
00023.76000
00023.76000
00023.76000
00023.76000
00023.76000
00023.76000
00023.75000
00023.75000
00023.75000
00023.75000
00023.75000
00023.75000
00023.75000
00023.75000
00023.75000
00023.75000
00023.75000
00023.75000
00023.75000
00023.75000
00023.75000
00023.75000
00023.75000
00023.75000
00023.75000
00023.75000
00023.75000
00023.75000
00023.75000
00023.75000
00023.75000
00023.75000
00023.75000
00023.75000
00023.75000
00023.74000
00023.74000
00023.73000
00023.73000
00023.73000
00023.73000
00023.73000
00023.73000
00023.73000
00023.72000
00023.72000
00023.72000
00023.72000
00023.72000
00023.72000
00023.72000
00023.72000
00023.72000
00023.72000
00023.72000
00023.72000
00023.70000
00023.70000
00023.70000
00023.70000
00023.70000
00023.69000
00023.69000
00023.69000
00023.68000
00023.68000
00023.67000
00023.67000
00023.66000
00023.66000
00023.66000
00023.66000
00023.65000
00023.65000
00023.65000
00023.65000
00023.65000
00023.62000
00023.61000
00023.61000
00023.61000
00023.61000
00023.61000
00023.61000
00023.61000
00023.61000
00023.61000
00023.61000
00023.61000
00023.61000
00023.61000
00023.61000
00023.60000
00023.60000
00023.60000
00023.60000
00023.60000
00023.60000
00023.60000
00023.61000
00023.60000
00023.60000
00023.60000
00023.60000
00023.60000
00023.60000
00023.60000
00023.60000
00023.61000
00023.62000
00023.62000
00023.62000
00023.62000
00023.64000
00023.64000
00023.65000
00023.65000
00023.65000
00023.65000
00023.65000
00023.66000
00023.66000
00023.66000
00023.66000
00023.66000
00023.66000
00023.67000
00023.67000
00023.67000
00023.67000
00023.67000
00023.67000
00023.67000
00023.67000
00023.67000
00023.69000
00023.69000
00023.70000
00023.70000
00023.70000
00023.70000
00023.70000
00023.70000
00023.71000
00023.71000
00023.71000
00023.71000
00023.71000
00023.71000
00023.71000
00023.71000
00023.71000
00023.71000
00023.71000
00023.71000
00023.71000
00023.71000
00023.72000
00023.72000
00023.72000
00023.74000
00023.74000
00023.75000
00023.75000
00023.75000
00023.75000
00023.75000
00023.74000
00023.74000
00023.75000
00023.76000
00023.76000
00023.76000
00023.77000
00023.77000
00023.77000
00023.77000
00023.77000
00023.77000
00023.77000
00023.77000
00023.77000
00023.77000
00023.77000
00023.77000
00023.77000
00023.77000
00023.77000
00023.77000
00023.77000
00023.77000
00023.77000
00023.78000
00023.79000
00023.79000
00023.81000
00023.81000
00023.81000
00023.81000
00023.81000
00023.82000
00023.82000
00023.82000
00023.83000
00023.83000
00023.83000
00023.83000
00023.82000
00023.82000
00023.81000
00023.81000
00023.81000
00023.81000
00023.81000
00023.81000
00023.81000
00023.81000
00023.81000
00023.81000
00023.81000
00023.81000
00023.81000
00023.80000
00023.80000
00023.81000
00023.81000
00023.81000
00023.81000
00023.80000
00023.80000
00023.80000
00023.80000
00023.80000
00023.80000
00023.80000
00023.80000
00023.80000
00023.80000
00023.80000
00023.80000
00023.79000
00023.79000
00023.79000
00023.77000
00023.77000
00023.77000
00023.77000
00023.76000
00023.76000
00023.75000
00023.75000
00023.75000
00023.75000
00023.75000
00023.75000
00023.75000
00023.75000
00023.75000
00023.75000
00023.75000
00023.75000
00023.74000
00023.74000
00023.74000
00023.73000
00023.73000
00023.73000
00023.72000
00023.71000
00023.71000
00023.71000
00023.70000
00023.70000
00023.69000
00023.69000
00023.68000
00023.66000
00023.66000
00023.65000
00023.65000
00023.64000
00023.64000
00023.64000
00023.64000
00023.64000
00023.64000
00023.63000
00023.63000
00023.61000
00023.61000
00023.61000
00023.61000
00023.61000
00023.61000
00023.61000
00023.60000
00023.60000
00023.60000
00023.60000
00023.60000
00023.59000
00023.58000
00023.58000
00023.57000
00023.57000
00023.57000
00023.57000
00023.57000
00023.56000
00023.56000
00023.56000
00023.56000
00023.55000
00023.54000
00023.54000
00023.54000
00023.53000
00023.53000
00023.53000
00023.53000
00023.53000
00023.52000
00023.52000
00023.52000
00023.50000
00023.50000
00023.50000
00023.50000
00023.50000
00023.50000
00023.50000
00023.50000
00023.50000
00023.50000
00023.50000
00023.48000
00023.48000
00023.46000
00023.46000
00023.46000
00023.46000
00023.46000
00023.46000
00023.45000
00023.45000
00023.45000
00023.45000
00023.45000
00023.45000
00023.45000
00023.44000
00023.44000
00023.45000
00023.45000
00023.45000
00023.44000
00023.44000
00023.44000
00023.44000
00023.44000
00023.44000
00023.44000
00023.45000
00023.45000
00023.45000
00023.46000
00023.45000
00023.46000
00023.46000
00023.46000
00023.46000
00023.46000
00023.46000
00023.46000
00023.46000
00023.46000
00023.46000
00023.46000
00023.46000
00023.46000
00023.46000
00023.46000
00023.46000
00023.46000
00023.46000
00023.46000
00023.46000
00023.46000
00023.46000
00023.46000
00023.46000
00023.46000
00023.46000
00023.47000
00023.47000
00023.47000
00023.48000
00023.47000
00023.47000
00023.47000
00023.47000
00023.47000
00023.47000
00023.47000
00023.47000
00023.47000
00023.47000
00023.47000
00023.47000
00023.47000
00023.47000
00023.47000
00023.47000
00023.47000
00023.47000
00023.47000
00023.47000
00023.47000
00023.47000
00023.47000
00023.47000
00023.48000
00023.48000
00023.48000
00023.47000
00023.47000
00023.47000
00023.47000
00023.47000
00023.47000
00023.48000
00023.48000
00023.48000
00023.48000
00023.48000
00023.48000
00023.48000
00023.48000
00023.48000
00023.49000
00023.49000
00023.49000
00023.49000
00023.50000
00023.50000
00023.51000
00023.52000
00023.52000
00023.52000
00023.53000
00023.54000
00023.54000
00023.54000
00023.54000
00023.54000
00023.54000
00023.54000
00023.54000
00023.54000
00023.54000
00023.54000
00023.54000
00023.55000
00023.55000
00023.55000
00023.56000
00023.56000
00023.57000
00023.57000
00023.57000
00023.57000
00023.59000
00023.59000
00023.60000
00023.60000
00023.60000
00023.60000
00023.59000
00023.60000
00023.60000
00023.60000
00023.60000
00023.60000
00023.60000
00023.60000
00023.61000
00023.61000
00023.61000
00023.61000
00023.61000
00023.61000
00023.61000
00023.61000
00023.61000
00023.61000
00023.61000
00023.61000
00023.62000
00023.62000
00023.62000
00023.62000
00023.60000
00023.60000
00023.60000
00023.60000
00023.60000
00023.60000
00023.60000
00023.60000
00023.60000
00023.60000
00023.60000
00023.60000
00023.60000
00023.60000
00023.60000
00023.60000
00023.60000
00023.60000
00023.60000
00023.60000
00023.60000
00023.60000
00023.60000
00023.60000
00023.60000
00023.60000
00023.60000
00023.59000
00023.59000
00023.59000
00023.59000
00023.59000
00023.59000
00023.59000
00023.59000
00023.59000
00023.58000
00023.58000
00023.59000
00023.59000
00023.58000
00023.58000
00023.58000
00023.58000
00023.58000
00023.58000
00023.59000
00023.59000
00023.59000
00023.59000
00023.59000
00023.59000
00023.59000
00023.59000
00023.59000
00023.59000
00023.59000
00023.59000
00023.60000
00023.58000
00023.58000
00023.58000
00023.58000
00023.58000
00023.58000
00023.58000
00023.58000
00023.58000
00023.58000
00023.58000
00023.58000
00023.58000
00023.58000
00023.58000
00023.58000
00023.58000
00023.58000
00023.58000
00023.58000
00023.58000
00023.58000
00023.58000
00023.58000
00023.58000
00023.58000
00023.58000
00023.58000
00023.58000
00023.58000
00023.58000
00023.58000
00023.58000
00023.58000
00023.58000
00023.58000
00023.58000
00023.58000
00023.57000
00023.57000
00023.57000
00023.57000
00023.57000
00023.57000
00023.57000
00023.57000
00023.57000
00023.57000
00023.57000
00023.57000
00023.57000
00023.57000
00023.57000
00023.57000
00023.57000
00023.57000
00023.57000
00023.57000
00023.57000
00023.55000
00023.55000
00023.55000
00023.55000
00023.55000
00023.55000
00023.55000
00023.55000
00023.55000
00023.55000
00023.54000
00023.54000
00023.54000
00023.54000
00023.54000
00023.54000
00023.54000
00023.54000
00023.54000
00023.54000
00023.54000
00023.54000
00023.53000
00023.53000
00023.53000
00023.54000
00023.57000
00023.57000
00023.57000
00023.57000
00023.57000
00023.57000
00023.57000
00023.57000
00023.57000
00023.57000
00023.57000
00023.57000
00023.57000
00023.57000
00023.57000
00023.57000
00023.57000
00023.57000
00023.58000
00023.58000
00023.59000
00023.59000
00023.59000
00023.59000
00023.59000
00023.62000
00023.62000
00023.62000
00023.62000
00023.62000
00023.62000
00023.62000
00023.62000
00023.62000
00023.62000
00023.62000
00023.63000
00023.63000
00023.63000
00023.63000
00023.63000
00023.63000
00023.63000
00023.64000
00023.64000
00023.63000
00023.63000
00023.64000
00023.64000
00023.64000
00023.64000
00023.64000
00023.64000
00023.64000
00023.64000
00023.64000
00023.64000
00023.64000
00023.64000
00023.64000
00023.64000
00023.64000
00023.64000
00023.64000
00023.64000
00023.64000
00023.64000
00023.64000
00023.64000
00023.63000
00023.63000
00023.63000
00023.63000
00023.63000
00023.63000
00023.63000
00023.63000
00023.63000
00023.63000
00023.63000
00023.63000
00023.62000
00023.62000
00023.63000
00023.63000
00023.62000
00023.63000
00023.63000
00023.62000
00023.62000
00023.62000
00023.62000
00023.60000
00023.60000
00023.60000
00023.60000
00023.60000
00023.59000
00023.59000
00023.59000
00023.59000
00023.59000
00023.59000
00023.59000
00023.59000
00023.59000
00023.59000
00023.59000
00023.59000
00023.59000
00023.59000
00023.59000
00023.59000
00023.59000
00023.59000
00023.58000
00023.59000
00023.59000
00023.59000
00023.59000
00023.59000
00023.59000
00023.59000
00023.59000
00023.58000
00023.58000
00023.58000
00023.57000
00023.57000
00023.57000
00023.57000
00023.57000
00023.57000
00023.57000
00023.57000
00023.57000
00023.57000
00023.57000
00023.57000
00023.57000
00023.57000
00023.57000
00023.57000
00023.57000
00023.56000
00023.57000
00023.57000
00023.57000
00023.58000
00023.58000
00023.58000
00023.58000
00023.58000
00023.58000
00023.59000
00023.59000
00023.59000
00023.59000
00023.58000
00023.58000
00023.58000
00023.58000
00023.58000
00023.58000
00023.58000
00023.58000
00023.58000
00023.58000
00023.59000
00023.59000
00023.59000
00023.59000
00023.59000
00023.59000
00023.59000
00023.59000
00023.59000
00023.59000
00023.59000
00023.59000
00023.59000
00023.59000
00023.59000
00023.59000
00023.59000
00023.59000
00023.59000
00023.60000
00023.61000
00023.64000
00023.64000
00023.63000
00023.64000
00023.65000
00023.65000
00023.66000
00023.67000
00023.68000
00023.69000
00023.69000
00023.73000
00023.73000
00023.74000
00023.74000
00023.74000
00023.74000
00023.74000
00023.74000
00023.74000
00023.74000
00023.75000
00023.76000
00023.78000
00023.78000
00023.78000
00023.80000
00023.80000
00023.80000
00023.80000
00023.81000
00023.83000
00023.85000
00023.85000
00023.85000
00023.85000
00023.85000
00023.85000
00023.85000
00023.85000
00023.87000
00023.87000
00023.87000
00023.87000
00023.87000
00023.87000
00023.87000
00023.87000
00023.87000
00023.88000
00023.88000
00023.88000
00023.89000
00023.89000
00023.90000
00023.91000
00023.91000
00023.91000
00023.94000
00023.94000
00023.95000
00023.95000
00023.95000
00023.95000
00023.96000
00023.96000
00023.96000
00023.96000
00023.96000
00023.97000
00023.97000
00023.99000
00023.99000
00024.00000
00024.01000
00024.01000
00024.01000
00024.01000
00024.01000
00024.01000
00024.02000
00024.02000
00024.03000
00024.06000
00024.06000
00024.06000
00024.06000
00024.06000
00024.07000
00024.07000
00024.07000
00024.08000
00024.08000
00024.08000
00024.09000
00024.09000
00024.10000
00024.11000
00024.12000
00024.13000
00024.13000
00024.13000
00024.13000
00024.13000
00024.13000
00024.15000
00024.16000
00024.16000
00024.17000
00024.17000
00024.17000
00024.17000
00024.17000
00024.17000
00024.18000
00024.18000
00024.18000
00024.18000
00024.18000
00024.18000
00024.18000
00024.20000
00024.22000
00024.22000
00024.22000
00024.22000
00024.22000
00024.22000
00024.24000
00024.25000
00024.26000
00024.26000
00024.26000
00024.26000
00024.26000
00024.26000
00024.28000
00024.28000
00024.28000
00024.28000
00024.31000
00024.31000
00024.32000
00024.32000
00024.32000
00024.32000
00024.33000
00024.36000
00024.36000
00024.36000
00024.36000
00024.37000
00024.38000
00024.38000
00024.40000
00024.40000
00024.40000
00024.44000
00024.44000
00024.44000
00024.44000
00024.45000
00024.45000
00024.45000
00024.45000
00024.46000
00024.46000
00024.46000
00024.46000
00024.46000
00024.47000
00024.48000
00024.48000
00024.49000
00024.52000
00024.52000
00024.52000
00024.54000
00024.55000
00024.55000
00024.56000
00024.56000
00024.56000
00024.58000
00024.58000
00024.60000
00024.60000
00024.60000
00024.60000
00024.60000
00024.60000
00024.60000
00024.60000
00024.60000
00024.65000
00024.65000
00024.66000
00024.66000
00024.68000
00024.68000
00024.69000
00024.70000
00024.71000
00024.72000
00024.72000
00024.73000
00024.73000
00024.73000
00024.73000
00024.73000
00024.76000
00024.76000
00024.76000
00024.77000
00024.77000
00024.77000
00024.77000
00024.78000
00024.78000
00024.79000
00024.79000
00024.78000
00024.78000
00024.80000
00024.80000
00024.82000
00024.82000
00024.82000
00024.82000
00024.83000
00024.83000
00024.83000
00024.83000
00024.84000
00024.84000
00024.83000
00024.84000
00024.84000
00024.84000
00024.84000
00024.85000
00024.85000
00024.85000
00024.85000
00024.85000
00024.85000
00024.85000
00024.85000
00024.85000
00024.85000
00024.85000
00024.85000
00024.86000
00024.86000
00024.86000
00024.87000
00024.87000
00024.90000
00024.90000
00024.90000
00024.90000
00024.91000
00024.91000
00024.96000
00024.96000
00024.97000
00024.97000
00024.97000
00024.97000
00024.98000
00024.99000
00025.00000
00025.00000
00025.00000
00025.01000
00025.01000
00025.01000
00025.01000
00025.03000
00025.03000
00025.03000
00025.04000
00025.04000
00025.04000
00025.04000
00025.04000
00025.06000
00025.06000
00025.07000
00025.07000
00025.08000
00025.08000
00025.08000
00025.08000
00025.08000
00025.10000
00025.10000
00025.12000
00025.12000
00025.12000
00025.12000
00025.12000
00025.13000
00025.13000
00025.13000
00025.13000
00025.15000
00025.15000
00025.15000
00025.16000
00025.16000
00025.19000
00025.19000
00025.21000
00025.21000
00025.22000
00025.22000
00025.22000
00025.22000
00025.22000
00025.22000
00025.22000
00025.22000
00025.24000
00025.25000
00025.25000
00025.25000
00025.25000
00025.25000
00025.25000
00025.25000
00025.25000
00025.28000
00025.28000
00025.28000
00025.30000
00025.30000
00025.30000
00025.31000
00025.31000
00025.31000
00025.31000
00025.31000
00025.31000
00025.31000
00025.31000
00025.31000
00025.31000
00025.31000
00025.32000
00025.32000
00025.33000
00025.33000
00025.33000
00025.33000
00025.33000
00025.34000
00025.35000
00025.36000
00025.37000
00025.38000
00025.38000
00025.38000
00025.39000
00025.39000
00025.41000
00025.42000
00025.43000
00025.43000
00025.43000
00025.43000
00025.43000
00025.43000
00025.44000
00025.44000
00025.44000
00025.44000
00025.44000
00025.44000
00025.45000
00025.45000
00025.45000
00025.45000
00025.45000
00025.45000
00025.45000
00025.45000
00025.45000
00025.46000
00025.46000
00025.47000
00025.47000
00025.47000
00025.52000
00025.52000
00025.52000
00025.52000
00025.52000
00025.52000
00025.52000
00025.52000
00025.52000
00025.52000
00025.53000
00025.53000
00025.53000
00025.54000
00025.56000
00025.57000
00025.57000
00025.57000
00025.57000
00025.57000
00025.57000
00025.58000
00025.58000
00025.58000
00025.58000
00025.59000
00025.59000
00025.59000
00025.61000
00025.61000
00025.64000
00025.67000
00025.67000
00025.67000
00025.67000
00025.67000
00025.67000
00025.67000
00025.68000
00025.68000
00025.68000
00025.68000
00025.68000
00025.68000
00025.68000
00025.69000
00025.69000
00025.69000
00025.70000
00025.70000
00025.71000
00025.71000
00025.71000
00025.73000
00025.73000
00025.73000
00025.73000
00025.73000
00025.75000
00025.75000
00025.75000
00025.75000
00025.75000
00025.76000
00025.77000
00025.77000
00025.77000
00025.77000
00025.77000
00025.77000
00025.78000
00025.80000
00025.80000
00025.80000
00025.80000
00025.80000
00025.80000
00025.82000
00025.83000
00025.85000
00025.85000
00025.85000
00025.85000
00025.85000
00025.85000
00025.85000
00025.85000
00025.85000
00025.85000
00025.85000
00025.86000
00025.87000
00025.88000
00025.88000
00025.90000
00025.91000
00025.91000
00025.91000
00025.91000
00025.91000
00025.93000
00025.93000
00025.95000
00025.95000
00025.95000
00025.95000
00025.95000
00025.95000
00025.97000
00025.97000
00025.97000
00025.97000
00025.97000
00025.97000
00025.97000
00025.97000
00025.97000
00025.97000
00025.98000
00025.97000
00025.97000
00025.97000
00025.97000
00025.97000
00026.01000
00026.03000
00026.03000
00026.03000
00026.03000
00026.04000
00026.05000
00026.05000
00026.06000
00026.06000
00026.06000
00026.08000
00026.08000
00026.09000
00026.09000
00026.09000
00026.10000
00026.10000
00026.12000
00026.12000
00026.12000
00026.12000
00026.14000
00026.14000
00026.14000
00026.14000
00026.14000
00026.14000
00026.14000
00026.14000
00026.15000
00026.15000
00026.15000
00026.15000
00026.15000
00026.16000
00026.17000
00026.18000
00026.18000
00026.18000
00026.18000
00026.22000
00026.22000
00026.21000
00026.21000
00026.21000
00026.21000
00026.21000
00026.21000
00026.22000
00026.24000
00026.24000
00026.23000
00026.23000
00026.24000
00026.24000
00026.24000
00026.24000
00026.24000
00026.25000
00026.27000
00026.27000
00026.27000
00026.27000
00026.27000
00026.27000
00026.27000
00026.27000
00026.27000
00026.27000
00026.28000
00026.29000
00026.29000
00026.29000
00026.29000
00026.29000
00026.29000
00026.30000
00026.30000
00026.35000
00026.36000
00026.36000
00026.36000
00026.35000
00026.35000
00026.35000
00026.35000
00026.35000
00026.35000
00026.35000
00026.35000
00026.35000
00026.35000
00026.35000
00026.36000
00026.39000
00026.39000
00026.41000
00026.41000
00026.41000
00026.41000
00026.42000
00026.42000
00026.42000
00026.43000
00026.43000
00026.43000
00026.43000
00026.43000
00026.44000
00026.44000
00026.44000
00026.44000
00026.44000
00026.46000
00026.46000
00026.46000
00026.46000
00026.46000
00026.47000
00026.47000
00026.47000
00026.47000
00026.47000
00026.47000
00026.48000
00026.48000
00026.49000
00026.49000
00026.53000
00026.53000
00026.53000
00026.53000
00026.53000
00026.53000
00026.54000
00026.55000
00026.55000
00026.55000
00026.55000
00026.55000
00026.55000
00026.56000
00026.56000
00026.56000
00026.57000
00026.57000
00026.58000
00026.59000
00026.59000
00026.60000
00026.60000
00026.60000
00026.62000
00026.64000
00026.63000
00026.64000
00026.64000
00026.64000
00026.64000
00026.65000
00026.65000
00026.65000
00026.65000
00026.65000
00026.65000
00026.65000
00026.65000
00026.65000
00026.66000
00026.66000
00026.66000
00026.67000
00026.67000
00026.67000
00026.67000
00026.67000
00026.68000
00026.68000
00026.68000
00026.68000
00026.68000
00026.68000
00026.68000
00026.70000
00026.70000
00026.70000
00026.70000
00026.77000
00026.77000
00026.77000
00026.78000
00026.78000
00026.78000
00026.78000
00026.78000
00026.78000
00026.78000
00026.78000
00026.80000
00026.80000
00026.80000
00026.80000
00026.80000
00026.80000
00026.80000
00026.80000
00026.81000
00026.81000
00026.81000
00026.81000
00026.81000
00026.81000
00026.81000
00026.82000
00026.83000
00026.84000
00026.84000
00026.84000
00026.84000
00026.84000
00026.84000
00026.84000
00026.85000
00026.85000
00026.85000
00026.85000
00026.85000
00026.87000
00026.87000
00026.89000
00026.89000
00026.89000
00026.89000
00026.89000
00026.89000
00026.89000
00026.89000
00026.90000
00026.90000
00026.93000
00026.93000
00026.93000
00026.93000
00026.94000
00026.95000
00026.96000
00026.96000
00026.98000
00026.99000
00026.99000
00026.99000
00026.99000
00026.99000
00026.99000
00026.99000
00026.99000
00027.00000
00027.00000
00027.00000
00027.01000
00027.01000
00027.01000
00027.01000
00027.02000
00027.03000
00027.03000
00027.03000
00027.03000
00027.03000
00027.03000
00027.03000
00027.03000
00027.03000
00027.03000
00027.03000
00027.03000
00027.04000
00027.04000
00027.04000
00027.04000
00027.04000
00027.04000
00027.05000
00027.05000
00027.05000
00027.05000
00027.05000
00027.05000
00027.06000
00027.08000
00027.08000
00027.08000
00027.09000
00027.09000
00027.09000
00027.13000
00027.15000
00027.15000
00027.15000
00027.15000
00027.15000
00027.15000
00027.16000
00027.16000
00027.16000
00027.16000
00027.16000
00027.16000
00027.16000
00027.16000
00027.16000
00027.16000
00027.17000
00027.17000
00027.17000
00027.17000
00027.17000
00027.17000
00027.18000
00027.19000
00027.19000
00027.19000
00027.19000
00027.19000
00027.21000
00027.21000
00027.23000
00027.23000
00027.22000
00027.23000
00027.23000
00027.23000
00027.23000
00027.23000
00027.23000
00027.23000
00027.23000
00027.23000
00027.23000
00027.24000
00027.24000
00027.25000
00027.25000
00027.26000
00027.26000
00027.26000
00027.26000
00027.27000
00027.27000
00027.27000
00027.27000
00027.28000
00027.28000
00027.30000
00027.30000
00027.30000
00027.30000
00027.30000
00027.30000
00027.30000
00027.30000
00027.30000
00027.30000
00027.30000
00027.30000
00027.30000
00027.30000
00027.30000
00027.30000
00027.30000
00027.30000
00027.30000
00027.30000
00027.30000
00027.29000
00027.29000
00027.28000
00027.28000
00027.28000
00027.27000
00027.27000
00027.27000
00027.27000
00027.27000
00027.26000
00027.26000
00027.26000
00027.26000
00027.26000
00027.26000
00027.26000
00027.26000
00027.26000
00027.26000
00027.26000
00027.24000
00027.22000
00027.22000
00027.22000
00027.22000
00027.21000
00027.21000
00027.21000
00027.20000
00027.20000
00027.20000
00027.20000
00027.20000
00027.19000
00027.18000
00027.18000
00027.18000
00027.18000
00027.18000
00027.18000
00027.18000
00027.17000
00027.17000
00027.17000
00027.17000
00027.17000
00027.16000
00027.16000
00027.14000
00027.14000
00027.14000
00027.14000
00027.14000
00027.14000
00027.14000
00027.14000
00027.14000
00027.14000
00027.14000
00027.14000
00027.14000
00027.14000
00027.13000
00027.13000
00027.13000
00027.12000
00027.13000
00027.12000
00027.12000
00027.12000
00027.12000
00027.12000
00027.11000
00027.10000
00027.11000
00027.11000
00027.11000
00027.10000
00027.10000
00027.10000
00027.10000
00027.10000
00027.10000
00027.08000
00027.08000
00027.07000
00027.07000
00027.07000
00027.07000
00027.07000
00027.07000
00027.07000
00027.06000
00027.06000
00027.08000
00027.07000
00027.07000
00027.07000
00027.07000
00027.07000
00027.07000
00027.07000
00027.07000
00027.07000
00027.07000
00027.07000
00027.07000
00027.07000
00027.07000
00027.07000
00027.07000
00027.07000
00027.07000
00027.07000
00027.06000
00027.06000
00027.06000
00027.06000
00027.06000
00027.05000
00027.06000
00027.06000
00027.06000
00027.06000
00027.06000
00027.06000
00027.06000
00027.06000
00027.05000
00027.05000
00027.05000
00027.05000
00027.05000
00027.05000
00027.05000
00027.05000
00027.06000
00027.06000
00027.06000
00027.06000
00027.05000
00027.05000
00027.05000
00027.05000
00027.05000
00027.05000
00027.05000
00027.05000
00027.05000
00027.05000
00027.05000
00027.05000
00027.05000
00027.05000
00027.05000
00027.05000
00027.03000
00027.03000
00027.01000
00027.01000
00027.03000
00027.02000
00027.02000
00027.02000
00027.02000
00027.02000
00027.01000
00027.01000
00027.01000
00027.01000
00027.01000
00027.01000
00027.00000
00027.00000
00027.01000
00027.01000
00027.01000
00027.01000
00026.99000
00026.99000
00026.99000
00026.99000
00026.99000
00026.97000
00026.97000
00026.97000
00026.97000
00026.97000
00026.97000
00026.97000
00026.97000
00026.97000
00026.97000
00026.97000
00026.97000
00026.97000
00026.96000
00026.96000
00026.96000
00026.96000
00026.96000
00026.97000
00026.97000
00026.97000
00026.97000
00026.97000
00026.97000
00026.97000
00026.97000
00026.97000
00026.97000
00026.97000
00026.97000
00026.97000
00026.95000
00026.95000
00026.95000
00026.95000
00026.95000
00026.95000
00026.95000
00026.95000
00026.95000
00026.95000
00026.95000
00026.95000
00026.95000
00026.95000
00026.95000
00026.95000
00026.95000
00026.95000
00026.94000
00026.94000
00026.94000
00026.93000
00026.93000
00026.93000
00026.93000
00026.93000
00026.92000
00026.91000
00026.91000
00026.91000
00026.91000
00026.91000
00026.91000
00026.92000
00026.92000
00026.92000
00026.92000
00026.92000
00026.92000
00026.91000
00026.91000
00026.91000
00026.91000
00026.91000
00026.91000
00026.91000
00026.91000
00026.91000
00026.91000
00026.93000
00026.93000
00026.93000
00026.95000
00026.95000
00026.95000
00026.95000
00026.95000
00026.94000
00026.94000
00026.94000
00026.94000
00026.93000
00026.93000
00026.93000
00026.93000
00026.93000
00026.93000
00026.93000
00026.93000
00026.93000
00026.93000
00026.92000
00026.92000
00026.92000
00026.92000
00026.92000
00026.92000
00026.91000
00026.91000
00026.91000
00026.91000
00026.91000
00026.90000
00026.90000
00026.90000
00026.90000
00026.90000
00026.90000
00026.90000
00026.90000
00026.90000
00026.90000
00026.88000
00026.88000
00026.88000
00026.88000
00026.88000
00026.86000
00026.86000
00026.86000
00026.86000
00026.86000
00026.85000
00026.85000
00026.85000
00026.85000
00026.83000
00026.83000
00026.83000
00026.83000
00026.83000
00026.83000
00026.83000
00026.83000
00026.83000
00026.81000
00026.81000
00026.81000
00026.81000
00026.80000
00026.80000
00026.79000
00026.79000
00026.79000
00026.79000
00026.79000
00026.79000
00026.79000
00026.79000
00026.79000
00026.79000
00026.78000
00026.77000
00026.77000
00026.77000
00026.77000
00026.77000
00026.77000
00026.77000
00026.76000
00026.76000
00026.75000
00026.75000
00026.75000
00026.75000
00026.75000
00026.75000
00026.75000
00026.74000
00026.75000
00026.75000
00026.75000
00026.75000
00026.74000
00026.74000
00026.74000
00026.74000
00026.74000
00026.73000
00026.73000
00026.71000
00026.71000
00026.71000
00026.70000
00026.70000
00026.70000
00026.70000
00026.70000
00026.70000
00026.70000
00026.70000
00026.68000
00026.68000
00026.68000
00026.67000
00026.67000
00026.67000
00026.67000
00026.67000
00026.67000
00026.66000
00026.66000
00026.66000
00026.66000
00026.66000
00026.66000
00026.66000
00026.66000
00026.65000
00026.65000
00026.64000
00026.64000
00026.64000
00026.64000
00026.64000
00026.63000
00026.63000
00026.63000
00026.63000
00026.63000
00026.63000
00026.62000
00026.62000
00026.62000
00026.62000
00026.62000
00026.62000
00026.62000
00026.62000
00026.62000
00026.62000
00026.62000
00026.62000
00026.64000
00026.64000
00026.64000
00026.62000
00026.62000
00026.62000
00026.62000
00026.62000
00026.62000
00026.61000
00026.61000
00026.59000
00026.59000
00026.59000
00026.59000
00026.59000
00026.59000
00026.59000
00026.59000
00026.59000
00026.59000
00026.59000
00026.59000
00026.59000
00026.59000
00026.59000
00026.59000
00026.59000
00026.59000
00026.59000
00026.58000
00026.58000
00026.57000
00026.57000
00026.57000
00026.57000
00026.57000
00026.56000
00026.56000
00026.56000
00026.56000
00026.56000
00026.56000
00026.56000
00026.56000
00026.56000
00026.56000
00026.56000
00026.56000
00026.56000
00026.56000
00026.56000
00026.56000
00026.56000
00026.56000
00026.56000
00026.56000
00026.56000
00026.56000
00026.56000
00026.57000
00026.57000
00026.57000
00026.57000
00026.57000
00026.57000
00026.57000
00026.57000
00026.57000
00026.57000
00026.57000
00026.57000
00026.57000
00026.57000
00026.57000
00026.57000
00026.57000
00026.57000
00026.55000
00026.55000
00026.54000
00026.54000
00026.54000
00026.54000
00026.55000
00026.55000
00026.55000
00026.55000
00026.55000
00026.55000
00026.55000
00026.55000
00026.55000
00026.54000
00026.55000
00026.54000
00026.54000
00026.54000
00026.54000
00026.54000
00026.54000
00026.54000
00026.54000
00026.54000
00026.53000
00026.53000
00026.53000
00026.52000
00026.52000
00026.52000
00026.52000
00026.52000
00026.51000
00026.51000
00026.51000
00026.51000
00026.51000
00026.51000
00026.51000
00026.50000
00026.50000
00026.50000
00026.50000
00026.50000
00026.50000
00026.49000
00026.49000
00026.49000
00026.49000
00026.49000
00026.49000
00026.49000
00026.49000
00026.49000
00026.48000
00026.48000
00026.48000
00026.48000
00026.48000
00026.48000
00026.48000
00026.48000
00026.47000
00026.47000
00026.47000
00026.47000
00026.47000
00026.47000
00026.47000
00026.47000
00026.47000
00026.47000
00026.46000
00026.45000
00026.45000
00026.45000
00026.44000
00026.44000
00026.44000
00026.44000
00026.44000
00026.44000
00026.44000
00026.44000
00026.44000
00026.44000
00026.44000
00026.44000
00026.43000
00026.43000
00026.44000
00026.44000
00026.44000
00026.43000
00026.43000
00026.43000
00026.43000
00026.43000
00026.43000
00026.41000
00026.41000
00026.41000
00026.41000
00026.40000
00026.40000
00026.40000
00026.40000
00026.39000
00026.39000
00026.39000
00026.39000
00026.40000
00026.40000
00026.40000
00026.40000
00026.40000
00026.40000
00026.40000
00026.40000
00026.40000
00026.39000
00026.39000
00026.39000
00026.39000
00026.39000
00026.39000
00026.38000
00026.38000
00026.38000
00026.38000
00026.38000
00026.38000
00026.38000
00026.38000
00026.38000
00026.38000
00026.38000
00026.38000
00026.38000
00026.38000
00026.38000
00026.36000
00026.36000
00026.36000
00026.36000
00026.37000
00026.37000
00026.37000
00026.37000
00026.37000
00026.37000
00026.37000
00026.37000
00026.36000
00026.33000
00026.33000
00026.33000
00026.34000
00026.34000
00026.34000
00026.34000
00026.34000
00026.34000
00026.33000
00026.33000
00026.32000
00026.32000
00026.32000
00026.32000
00026.31000
00026.31000
00026.31000
00026.31000
00026.31000
00026.31000
00026.31000
00026.31000
00026.30000
00026.30000
00026.30000
00026.30000
00026.30000
00026.30000
00026.30000
00026.30000
00026.30000
00026.30000
00026.30000
00026.30000
00026.30000
00026.30000
00026.30000
00026.31000
00026.31000
00026.31000
00026.31000
00026.30000
00026.30000
00026.30000
00026.30000
00026.30000
00026.29000
00026.29000
00026.29000
00026.28000
00026.28000
00026.28000
00026.28000
00026.28000
00026.29000
00026.29000
00026.29000
00026.29000
00026.28000
00026.28000
00026.28000
00026.28000
00026.28000
00026.26000
00026.26000
00026.26000
00026.26000
00026.27000
00026.27000
00026.27000
00026.27000
00026.26000
00026.26000
00026.26000
00026.25000
00026.25000
00026.25000
00026.25000
00026.25000
00026.24000
00026.24000
00026.24000
00026.24000
00026.24000
00026.24000
00026.24000
00026.24000
00026.24000
00026.23000
00026.23000
00026.23000
00026.23000
00026.24000
00026.23000
00026.23000
00026.23000
00026.23000
00026.23000
00026.23000
00026.23000
00026.23000
00026.23000
00026.22000
00026.22000
00026.22000
00026.22000
00026.22000
00026.22000
00026.23000
00026.21000
00026.21000
00026.19000
00026.19000
00026.19000
00026.20000
00026.20000
00026.20000
00026.20000
00026.20000
00026.19000
00026.20000
00026.19000
00026.19000
00026.18000
00026.19000
00026.19000
00026.19000
00026.19000
00026.19000
00026.19000
00026.19000
00026.19000
00026.19000
00026.19000
00026.19000
00026.19000
00026.19000
00026.19000
00026.19000
00026.19000
00026.19000
00026.19000
00026.19000
00026.19000
00026.19000
00026.19000
00026.18000
00026.18000
00026.18000
00026.18000
00026.18000
00026.18000
00026.18000
00026.17000
00026.17000
00026.17000
00026.17000
00026.17000
00026.17000
00026.17000
00026.18000
00026.18000
00026.18000
00026.18000
00026.17000
00026.17000
00026.17000
00026.17000
00026.17000
00026.16000
00026.16000
00026.16000
00026.16000
00026.16000
00026.16000
00026.17000
00026.17000
00026.17000
00026.17000
00026.15000
00026.15000
00026.15000
00026.15000
00026.15000
00026.15000
00026.15000
00026.15000
00026.15000
00026.15000
00026.15000
00026.15000
00026.14000
00026.14000
00026.15000
00026.15000
00026.15000
00026.15000
00026.15000
00026.15000
00026.15000
00026.16000
00026.16000
00026.16000
00026.16000
00026.15000
00026.15000
00026.15000
00026.15000
00026.15000
00026.15000
00026.15000
00026.15000
00026.15000
00026.15000
00026.15000
00026.15000
00026.16000
00026.16000
00026.15000
00026.14000
00026.14000
00026.09000
00026.09000
00026.09000
00026.08000
00026.08000
00026.08000
00026.08000
00026.08000
00026.08000
00026.08000
00026.08000
00026.08000
00026.08000
00026.08000
00026.08000
00026.09000
00026.09000
00026.09000
00026.09000
00026.08000
00026.08000
00026.08000
00026.08000
00026.08000
00026.08000
00026.08000
00026.08000
00026.08000
00026.08000
00026.08000
00026.08000
00026.08000
00026.08000
00026.08000
00026.08000
00026.08000
00026.08000
00026.08000
00026.08000
00026.08000
00026.08000
00026.08000
00026.08000
00026.08000
00026.08000
00026.08000
00026.08000
00026.08000
00026.08000
00026.08000
00026.08000
00026.08000
00026.08000
00026.08000
00026.08000
00026.08000
00026.07000
00026.07000
00026.06000
00026.06000
00026.06000
00026.07000
00026.07000
00026.07000
00026.07000
00026.07000
00026.07000
00026.07000
00026.07000
00026.07000
00026.07000
00026.06000
00026.06000
00026.06000
00026.06000
00026.05000
00026.05000
00026.05000
00026.04000
00026.04000
00026.04000
00026.03000
00026.03000
00026.02000
00026.02000
00026.02000
00026.02000
00026.02000
00026.02000
00026.01000
00026.01000
00026.01000
00026.00000
00026.00000
00026.00000
00026.00000
00026.00000
00026.00000
00026.00000
00026.00000
00025.99000
00026.00000
00025.99000
00026.00000
00026.00000
00026.00000
00026.00000
00026.00000
00026.00000
00025.98000
00025.98000
00025.96000
00025.95000
00025.95000
00025.95000
00025.95000
00025.95000
00025.95000
00025.95000
00025.95000
00025.95000
00025.95000
00025.96000
00025.95000
00025.95000
00025.96000
00025.95000
00025.96000
00025.96000
00025.96000
00025.96000
00025.95000
00025.95000
00025.95000
00025.95000
00025.94000
00025.94000
00025.94000
00025.94000
00025.94000
00025.94000
00025.94000
00025.94000
00025.94000
00025.94000
00025.94000
00025.94000
00025.96000
00025.96000
00025.96000
00025.96000
00025.96000
00025.96000
00025.96000
00025.96000
00025.96000
00025.96000
00025.97000
00025.97000
00025.97000
00025.97000
00025.96000
00025.98000
00025.97000
00025.97000
00025.97000
00025.99000
00025.99000
00025.99000
00025.99000
00025.99000
00025.99000
00025.99000
00025.99000
00025.99000
00025.99000
00025.98000
00026.00000
00026.00000
00026.00000
00026.00000
00026.00000
00026.00000
00026.00000
00025.98000
00025.98000
00025.98000
00025.98000
00025.98000
00025.98000
00025.98000
00026.00000
00026.00000
00026.00000
00025.99000
00025.99000
00025.99000
00026.00000
00025.99000
00026.00000
00025.99000
00025.99000
00025.99000
00026.01000
00026.01000
00026.00000
00026.00000
00026.00000
00026.00000
00026.00000
00026.00000
00026.00000
00026.00000
00026.00000
00026.00000
00026.00000
00025.99000
00025.99000
00025.98000
00025.97000
00025.97000
00025.97000
00025.95000
00025.94000
00025.94000
00025.94000
00025.94000
00025.94000
00025.94000
00025.94000
00025.94000
00025.94000
00025.94000
00025.94000
00025.94000
00025.93000
00025.93000
00025.93000
00025.93000
00025.93000
00025.93000
00025.93000
00025.93000
00025.93000
00025.93000
00025.93000
00025.93000
00025.93000
00025.93000
00025.93000
00025.93000
00025.93000
00025.92000
00025.92000
00025.92000
00025.92000
00025.92000
00025.91000
00025.91000
00025.91000
00025.91000
00025.90000
00025.90000
00025.90000
00025.90000
00025.90000
00025.90000
00025.90000
00025.90000
00025.90000
00025.90000
00025.90000
00025.89000
00025.89000
00025.89000
00025.89000
00025.89000
00025.89000
00025.89000
00025.89000
00025.89000
00025.89000
00025.89000
00025.89000
00025.88000
00025.88000
00025.88000
00025.88000
00025.88000
00025.88000
00025.89000
00025.89000
00025.89000
00025.89000
00025.89000
00025.89000
00025.89000
00025.89000
00025.89000
00025.89000
00025.89000
00025.89000
00025.88000
00025.88000
00025.88000
00025.88000
00025.88000
00025.88000
00025.88000
00025.88000
00025.88000
00025.88000
00025.88000
00025.88000
00025.88000
00025.88000
00025.87000
00025.87000
00025.87000
00025.87000
00025.87000
00025.87000
00025.87000
00025.87000
00025.86000
00025.86000
00025.86000
00025.86000
00025.86000
00025.86000
00025.86000
00025.86000
00025.87000
00025.87000
00025.87000
00025.87000
00025.87000
00025.87000
00025.87000
00025.87000
00025.87000
00025.87000
00025.87000
00025.87000
00025.88000
00025.88000
00025.87000
00025.87000
00025.86000
00025.86000
00025.86000
00025.86000
00025.86000
00025.86000
00025.86000
00025.86000
00025.86000
00025.86000
00025.86000
00025.86000
00025.85000
00025.85000
00025.85000
00025.84000
00025.84000
00025.84000
00025.84000
00025.84000
00025.84000
00025.84000
00025.84000
00025.84000
00025.84000
00025.84000
00025.84000
00025.84000
00025.84000
00025.84000
00025.84000
00025.84000
00025.84000
00025.84000
00025.84000
00025.84000
00025.83000
00025.83000
00025.83000
00025.83000
00025.83000
00025.84000
00025.84000
00025.84000
00025.84000
00025.84000
00025.83000
00025.83000
00025.83000
00025.84000
00025.84000
00025.84000
00025.84000
00025.85000
00025.85000
00025.85000
00025.86000
00025.86000
00025.86000
00025.86000
00025.89000
00025.89000
00025.89000
00025.89000
00025.89000
00025.89000
00025.89000
00025.90000
00025.90000
00025.90000
00025.93000
00025.93000
00025.93000
00025.93000
00025.93000
00025.93000
00025.93000
00025.93000
00025.94000
00025.94000
00025.95000
00025.95000
00025.96000
00025.96000
00025.96000
00025.98000
00025.98000
00025.99000
00025.99000
00025.99000
00025.99000
00025.99000
00026.02000
00026.02000
00026.02000
00026.02000
00026.02000
00026.02000
00026.02000
00026.02000
00026.02000
00026.02000
00026.02000
00026.03000
00026.03000
00026.04000
00026.04000
00026.04000
00026.04000
00026.04000
00026.04000
00026.04000
00026.04000
00026.08000
00026.08000
00026.08000
00026.08000
00026.10000
00026.10000
00026.10000
00026.10000
00026.10000
00026.10000
00026.10000
00026.11000
00026.11000
00026.11000
00026.12000
00026.13000
00026.13000
00026.13000
00026.13000
00026.14000
00026.14000
00026.14000
00026.14000
00026.14000
00026.14000
00026.14000
00026.15000
00026.15000
00026.17000
00026.17000
00026.17000
00026.17000
00026.17000
00026.17000
00026.17000
00026.20000
00026.20000
00026.21000
00026.21000
00026.21000
00026.21000
00026.21000
00026.21000
00026.21000
00026.23000
00026.25000
00026.26000
00026.26000
00026.27000
00026.27000
00026.27000
00026.28000
00026.28000
00026.28000
00026.28000
00026.29000
00026.29000
00026.31000
00026.31000
00026.31000
00026.31000
00026.31000
00026.32000
00026.32000
00026.33000
00026.33000
00026.33000
00026.34000
00026.34000
00026.35000
00026.35000
00026.36000
00026.36000
00026.36000
00026.36000
00026.36000
00026.36000
00026.37000
00026.37000
00026.37000
00026.37000
00026.37000
00026.37000
00026.38000
00026.39000
00026.39000
00026.40000
00026.41000
00026.43000
00026.43000
00026.46000
00026.46000
00026.46000
00026.47000
00026.47000
00026.47000
00026.47000
00026.47000
00026.47000
00026.47000
00026.47000
00026.48000
00026.49000
00026.49000
00026.49000
00026.49000
00026.49000
00026.49000
00026.49000
00026.50000
00026.54000
00026.54000
00026.54000
00026.54000
00026.54000
00026.55000
00026.55000
00026.55000
00026.55000
00026.56000
00026.57000
00026.57000
00026.57000
00026.57000
00026.57000
00026.57000
00026.58000
00026.60000
00026.60000
00026.61000
00026.61000
00026.61000
00026.61000
00026.62000
00026.62000
00026.63000
00026.63000
00026.64000
00026.64000
00026.64000
00026.64000
00026.67000
00026.67000
00026.67000
00026.69000
00026.69000
00026.69000
00026.69000
00026.70000
00026.70000
00026.70000
00026.70000
00026.70000
00026.70000
00026.70000
00026.70000
00026.72000
00026.72000
00026.73000
00026.73000
00026.72000
00026.73000
00026.73000
00026.73000
00026.73000
00026.73000
00026.73000
00026.73000
00026.73000
00026.73000
00026.73000
00026.73000
00026.78000
00026.78000
00026.78000
00026.78000
00026.78000
00026.78000
00026.79000
00026.79000
00026.79000
00026.79000
00026.79000
00026.80000
00026.80000
00026.80000
00026.80000
00026.80000
00026.80000
00026.80000
00026.80000
00026.80000
00026.80000
00026.80000
00026.81000
00026.81000
00026.81000
00026.81000
00026.83000
00026.83000
00026.83000
00026.84000
00026.84000
00026.84000
00026.84000
00026.85000
00026.85000
00026.85000
00026.85000
00026.86000
00026.86000
00026.86000
00026.86000
00026.86000
00026.86000
00026.86000
00026.86000
00026.87000
00026.87000
00026.87000
00026.87000
00026.87000
00026.87000
00026.87000
00026.87000
00026.87000
00026.87000
00026.88000
00026.88000
00026.88000
00026.88000
00026.88000
00026.88000
00026.88000
00026.88000
00026.89000
00026.89000
00026.92000
00026.92000
00026.92000
00026.92000
00026.92000
00026.92000
00026.94000
00026.94000
00026.95000
00026.95000
00026.95000
00026.95000
00026.95000
00026.96000
00026.99000
00027.00000
00027.03000
00027.04000
00027.04000
00027.04000
00027.04000
00027.04000
00027.04000
00027.04000
00027.04000
00027.05000
00027.05000
00027.05000
00027.05000
00027.04000
00027.05000
00027.05000
00027.05000
00027.05000
00027.05000
00027.05000
00027.05000
00027.05000
00027.04000
00027.05000
00027.05000
00027.06000
00027.06000
00027.07000
00027.07000
00027.07000
00027.07000
00027.08000
00027.08000
00027.09000
00027.09000
00027.10000
00027.11000
00027.12000
00027.12000
00027.12000
00027.12000
00027.12000
00027.12000
00027.12000
00027.12000
00027.12000
00027.12000
00027.13000
00027.13000
00027.12000
00027.12000
00027.13000
00027.13000
00027.14000
00027.14000
00027.14000
00027.15000
00027.15000
00027.17000
00027.17000
00027.18000
00027.18000
00027.18000
00027.18000
00027.19000
00027.19000
00027.19000
00027.19000
00027.19000
00027.19000
00027.19000
00027.19000
00027.19000
00027.19000
00027.20000
00027.20000
00027.21000
00027.21000
00027.24000
00027.24000
00027.24000
00027.24000
00027.24000
00027.25000
00027.25000
00027.25000
00027.25000
00027.26000
00027.26000
00027.27000
00027.27000
00027.27000
00027.27000
00027.27000
00027.27000
00027.27000
00027.27000
00027.27000
00027.26000
00027.26000
00027.26000
00027.26000
00027.25000
00027.25000
00027.25000
00027.25000
00027.25000
00027.25000
00027.25000
00027.25000
00027.25000
00027.23000
00027.23000
00027.23000
00027.23000
00027.23000
00027.21000
00027.21000
00027.21000
00027.21000
00027.21000
00027.21000
00027.21000
00027.21000
00027.21000
00027.20000
00027.20000
00027.20000
00027.20000
00027.19000
00027.19000
00027.19000
00027.18000
00027.17000
00027.17000
00027.18000
00027.17000
00027.16000
00027.16000
00027.16000
00027.13000
00027.13000
00027.13000
00027.13000
00027.13000
00027.13000
00027.10000
00027.10000
00027.10000
00027.10000
00027.10000
00027.10000
00027.10000
00027.10000
00027.10000
00027.10000
00027.10000
00027.10000
00027.09000
00027.09000
00027.09000
00027.09000
00027.09000
00027.09000
00027.09000
00027.09000
00027.09000
00027.09000
00027.09000
00027.09000
00027.09000
00027.09000
00027.09000
00027.08000
00027.08000
00027.08000
00027.07000
00027.06000
00027.06000
00027.06000
00027.06000
00027.06000
00027.04000
00027.04000
00027.04000
00027.04000
00027.04000
00027.04000
00027.04000
00027.04000
00027.04000
00027.04000
00027.04000
00027.04000
00027.04000
00027.04000
00027.04000
00027.04000
00027.04000
00027.03000
00027.03000
00027.03000
00027.03000
00027.03000
00027.03000
00027.03000
00027.03000
00027.03000
00027.03000
00027.03000
00027.03000
00027.03000
00027.03000
00027.03000
00027.03000
00027.02000
00027.02000
00027.02000
00027.01000
00027.01000
00027.01000
00027.01000
00027.01000
00027.00000
00027.00000
00027.00000
00027.00000
00027.00000
00027.00000
00027.00000
00026.99000
00026.99000
00026.99000
00026.99000
00026.99000
00026.99000
00026.99000
00026.99000
00026.99000
00027.00000
00027.00000
00027.00000
00027.00000
00027.00000
00027.00000
00027.00000
00027.00000
00027.00000
00026.99000
00026.99000
00026.99000
00026.99000
00026.99000
00026.99000
00026.99000
00026.99000
00026.98000
00026.98000
00026.98000
00026.98000
00026.98000
00026.98000
00026.98000
00026.98000
00026.98000
00026.98000
00026.98000
00026.98000
00026.98000
00026.97000
00026.98000
00026.98000
00026.98000
00026.97000
00026.97000
00026.97000
00026.96000
00026.96000
00026.96000
00026.96000
00026.96000
00026.96000
00026.96000
00026.96000
00026.96000
00026.96000
00026.96000
00026.96000
00026.96000
00026.96000
00026.96000
00026.96000
00026.96000
00026.96000
00026.94000
00026.94000
00026.94000
00026.94000
00026.94000
00026.94000
00026.94000
00026.93000
00026.93000
00026.93000
00026.93000
00026.93000
00026.93000
00026.92000
00026.92000
00026.92000
00026.88000
00026.88000
00026.85000
00026.85000
00026.84000
00026.84000
00026.84000
00026.84000
00026.84000
00026.84000
00026.84000
00026.84000
00026.84000
00026.84000
00026.84000
00026.84000
00026.84000
00026.84000
00026.84000
00026.84000
00026.84000
00026.84000
00026.84000
00026.84000
00026.84000
00026.87000
00026.87000
00026.87000
00026.87000
00026.87000
00026.87000
00026.87000
00026.87000
00026.87000
00026.87000
00026.87000
00026.86000
00026.86000
00026.86000
00026.86000
00026.86000
00026.86000
00026.86000
00026.86000
00026.86000
00026.86000
00026.86000
00026.86000
00026.86000
00026.86000
00026.86000
00026.86000
00026.86000
00026.86000
00026.86000
00026.85000
00026.85000
00026.85000
00026.85000
00026.84000
00026.84000
00026.84000
00026.84000
00026.84000
00026.84000
00026.84000
00026.84000
00026.84000
00026.84000
00026.84000
00026.84000
00026.84000
00026.84000
00026.83000
00026.83000
00026.83000
00026.83000
00026.83000
00026.83000
00026.82000
00026.82000
00026.81000
00026.81000
00026.80000
00026.80000
00026.81000
00026.81000
00026.81000
00026.81000
00026.81000
00026.81000
00026.81000
00026.81000
00026.81000
00026.81000
00026.81000
00026.81000
00026.81000
00026.81000
00026.81000
00026.81000
00026.81000
00026.81000
00026.80000
00026.80000
00026.79000
00026.79000
00026.79000
00026.79000
00026.79000
00026.79000
00026.79000
00026.79000
00026.79000
00026.79000
00026.78000
00026.78000
00026.78000
00026.78000
00026.78000
00026.77000
00026.77000
00026.77000
00026.77000
00026.77000
00026.77000
00026.77000
00026.77000
00026.77000
00026.77000
00026.77000
00026.77000
00026.77000
00026.77000
00026.77000
00026.77000
00026.77000
00026.77000
00026.77000
00026.77000
00026.77000
00026.77000
00026.77000
00026.77000
00026.76000
00026.76000
00026.76000
00026.76000
00026.76000
00026.76000
00026.76000
00026.76000
00026.76000
00026.76000
00026.76000
00026.76000
00026.76000
00026.76000
00026.76000
00026.76000
00026.76000
00026.76000
00026.76000
00026.76000
00026.76000
00026.76000
00026.76000
00026.76000
00026.76000
00026.75000
00026.75000
00026.75000
00026.75000
00026.75000
00026.75000
00026.75000
00026.75000
00026.73000
00026.73000
00026.73000
00026.73000
00026.73000
00026.73000
00026.73000
00026.73000
00026.73000
00026.73000
00026.73000
00026.73000
00026.73000
00026.73000
00026.73000
00026.73000
00026.73000
00026.73000
00026.73000
00026.73000
00026.73000
00026.73000
00026.73000
00026.72000
00026.72000
00026.72000
00026.72000
00026.72000
00026.72000
00026.72000
00026.71000
00026.71000
00026.71000
00026.71000
00026.70000
00026.70000
00026.70000
00026.70000
00026.70000
00026.70000
00026.70000
00026.70000
00026.70000
00026.70000
00026.70000
00026.70000
00026.70000
00026.70000
00026.70000
00026.70000
00026.70000
00026.70000
00026.70000
00026.70000
00026.70000
00026.70000
00026.70000
00026.70000
00026.70000
00026.70000
00026.70000
00026.70000
00026.70000
00026.70000
00026.70000
00026.69000
00026.69000
00026.69000
00026.69000
00026.69000
00026.69000
00026.69000
00026.69000
00026.69000
00026.69000
00026.69000
00026.68000
00026.68000
00026.68000
00026.67000
00026.67000
00026.67000
00026.67000
00026.67000
00026.67000
00026.67000
00026.67000
00026.67000
00026.67000
00026.67000
00026.67000
00026.66000
00026.66000
00026.65000
00026.66000
00026.66000
00026.66000
00026.66000
00026.65000
00026.65000
00026.65000
00026.65000
00026.65000
00026.65000
00026.65000
00026.65000
00026.65000
00026.65000
00026.65000
00026.65000
00026.65000
00026.65000
00026.65000
00026.65000
00026.65000
00026.65000
00026.64000
00026.63000
00026.63000
00026.63000
00026.63000
00026.63000
00026.62000
00026.62000
00026.62000
00026.61000
00026.61000
00026.61000
00026.61000
00026.60000
00026.60000
00026.60000
00026.60000
00026.60000
00026.60000
00026.61000
00026.61000
00026.60000
00026.61000
00026.60000
00026.60000
00026.60000
00026.60000
00026.59000
00026.59000
00026.59000
00026.59000
00026.59000
00026.59000
00026.59000
00026.59000
00026.59000
00026.58000
00026.58000
00026.58000
00026.58000
00026.58000
00026.58000
00026.58000
00026.58000
00026.58000
00026.58000
00026.59000
00026.58000
00026.58000
00026.59000
00026.60000
00026.60000
00026.60000
00026.60000
00026.60000
00026.60000
00026.59000
00026.59000
00026.59000
00026.59000
00026.59000
00026.59000
00026.59000
00026.59000
00026.59000
00026.59000
00026.59000
00026.59000
00026.59000
00026.59000
00026.59000
00026.60000
00026.59000
00026.59000
00026.59000
00026.59000
00026.59000
00026.59000
00026.59000
00026.59000
00026.59000
00026.59000
00026.59000
00026.58000
00026.58000
00026.58000
00026.58000
00026.58000
00026.58000
00026.58000
00026.58000
00026.58000
00026.58000
00026.57000
00026.57000
00026.57000
00026.57000
00026.57000
00026.57000
00026.58000
00026.58000
00026.58000
00026.58000
00026.57000
00026.58000
00026.58000
00026.58000
00026.56000
00026.56000
00026.56000
00026.56000
00026.56000
00026.56000
00026.54000
00026.54000
00026.54000
00026.54000
00026.54000
00026.54000
00026.54000
00026.54000
00026.54000
00026.54000
00026.54000
00026.54000
00026.54000
00026.54000
00026.53000
00026.53000
00026.54000
00026.54000
00026.54000
00026.54000
00026.53000
00026.53000
00026.53000
00026.53000
00026.53000
00026.53000
00026.53000
00026.53000
00026.52000
00026.52000
00026.52000
00026.52000
00026.52000
00026.52000
00026.52000
00026.52000
00026.52000
00026.51000
00026.51000
00026.51000
00026.51000
00026.51000
00026.51000
00026.51000
00026.51000
00026.51000
00026.51000
00026.48000
00026.48000
00026.48000
00026.48000
00026.48000
00026.47000
00026.47000
00026.47000
00026.47000
00026.47000
00026.47000
00026.47000
00026.47000
00026.47000
00026.47000
00026.47000
00026.47000
00026.46000
00026.46000
00026.46000
00026.46000
00026.46000
00026.46000
00026.46000
00026.46000
00026.46000
00026.46000
00026.46000
00026.46000
00026.46000
00026.46000
00026.46000
00026.46000
00026.46000
00026.46000
00026.46000
00026.46000
00026.46000
00026.46000
00026.46000
00026.46000
00026.46000
00026.46000
00026.46000
00026.46000
00026.46000
00026.46000
00026.46000
00026.46000
00026.46000
00026.46000
00026.46000
00026.46000
00026.46000
00026.45000
00026.45000
00026.45000
00026.45000
00026.45000
00026.45000
00026.44000
00026.44000
00026.44000
00026.44000
00026.44000
00026.44000
00026.44000
00026.44000
00026.44000
00026.44000
00026.44000
00026.44000
00026.44000
00026.44000
00026.44000
00026.44000
00026.44000
00026.44000
00026.44000
00026.44000
00026.44000
00026.44000
00026.44000
00026.44000
00026.44000
00026.44000
00026.44000
00026.44000
00026.43000
00026.43000
00026.43000
00026.42000
00026.42000
00026.42000
00026.42000
00026.42000
00026.42000
00026.42000
00026.42000
00026.42000
00026.42000
00026.43000
00026.43000
00026.42000
00026.42000
00026.42000
00026.43000
00026.43000
00026.43000
00026.43000
00026.43000
00026.43000
00026.43000
00026.43000
00026.43000
00026.44000
00026.44000
00026.44000
00026.41000
00026.41000
00026.41000
00026.41000
00026.41000
00026.41000
00026.42000
00026.42000
00026.42000
00026.40000
00026.40000
00026.40000
00026.40000
00026.40000
00026.40000
00026.40000
00026.40000
00026.40000
00026.40000
00026.39000
00026.39000
00026.39000
00026.39000
00026.40000
00026.40000
00026.40000
00026.40000
00026.40000
00026.40000
00026.40000
00026.40000
00026.40000
00026.40000
00026.40000
00026.39000
00026.39000
00026.39000
00026.39000
00026.39000
00026.39000
00026.39000
00026.39000
00026.39000
00026.39000
00026.39000
00026.39000
00026.39000
00026.39000
00026.39000
00026.39000
00026.39000
00026.39000
00026.39000
00026.39000
00026.39000
00026.39000
00026.37000
00026.38000
00026.37000
00026.37000
00026.36000
00026.35000
00026.35000
00026.35000
00026.35000
00026.35000
00026.35000
00026.35000
00026.35000
00026.35000
00026.35000
00026.34000
00026.34000
00026.34000
00026.34000
00026.34000
00026.34000
00026.34000
00026.34000
00026.34000
00026.33000
00026.33000
00026.33000
00026.33000
00026.33000
00026.33000
00026.33000
00026.33000
00026.33000
00026.33000
00026.33000
00026.33000
00026.33000
00026.33000
00026.33000
00026.33000
00026.33000
00026.33000
00026.33000
00026.33000
00026.33000
00026.33000
00026.33000
00026.33000
00026.33000
00026.33000
00026.33000
00026.32000
00026.32000
00026.32000
00026.32000
00026.32000
00026.32000
00026.32000
00026.32000
00026.32000
00026.34000
00026.34000
00026.34000
00026.34000
00026.34000
00026.34000
00026.34000
00026.34000
00026.34000
00026.34000
00026.34000
00026.34000
00026.34000
00026.34000
00026.34000
00026.34000
00026.34000
00026.34000
00026.35000
00026.35000
00026.35000
00026.34000
00026.34000
00026.34000
00026.34000
00026.34000
00026.34000
00026.34000
00026.34000
00026.34000
00026.34000
00026.34000
00026.34000
00026.34000
00026.34000
00026.34000
00026.35000
00026.35000
00026.35000
00026.35000
00026.35000
00026.35000
00026.35000
00026.35000
00026.35000
00026.35000
00026.35000
00026.35000
00026.35000
00026.35000
00026.35000
00026.35000
00026.36000
00026.36000
00026.35000
00026.35000
00026.35000
00026.35000
00026.35000
00026.35000
00026.35000
00026.35000
00026.35000
00026.35000
00026.35000
00026.35000
00026.35000
00026.35000
00026.35000
00026.35000
00026.35000
00026.35000
00026.35000
00026.35000
00026.35000
00026.35000
00026.35000
00026.35000
00026.35000
00026.35000
00026.35000
00026.35000
00026.34000
00026.34000
00026.34000
00026.35000
00026.34000
00026.34000
00026.33000
00026.33000
00026.33000
00026.33000
00026.33000
00026.33000
00026.33000
00026.33000
00026.33000
00026.33000
00026.33000
00026.33000
00026.33000
00026.33000
00026.33000
00026.33000
00026.30000
00026.30000
00026.30000
00026.30000
00026.30000
00026.30000
00026.30000
00026.30000
00026.30000
00026.30000
00026.30000
00026.30000
00026.30000
00026.30000
00026.30000
00026.30000
00026.30000
00026.30000
00026.30000
00026.30000
00026.30000
00026.30000
00026.30000
00026.30000
00026.30000
00026.30000
00026.30000
00026.30000
00026.30000
00026.29000
00026.29000
00026.29000
00026.29000
00026.28000
00026.28000
00026.27000
00026.26000
00026.27000
00026.24000
00026.24000
00026.24000
00026.24000
00026.24000
00026.24000
00026.24000
00026.24000
00026.24000
00026.23000
00026.21000
00026.20000
00026.20000
00026.20000
00026.21000
00026.21000
00026.21000
00026.21000
00026.21000
00026.21000
00026.21000
00026.21000
00026.21000
00026.21000
00026.21000
00026.21000
00026.21000
00026.21000
00026.21000
00026.21000
00026.20000
00026.20000
00026.20000
00026.21000
00026.21000
00026.22000
00026.22000
00026.22000
00026.22000
00026.22000
00026.22000
00026.22000
00026.22000
00026.22000
00026.22000
00026.22000
00026.22000
00026.22000
00026.22000
00026.22000
00026.22000
00026.22000
00026.21000
00026.21000
00026.21000
00026.21000
00026.21000
00026.21000
00026.21000
00026.21000
00026.21000
00026.21000
00026.21000
00026.19000
00026.19000
00026.19000
00026.19000
00026.19000
00026.19000
00026.18000
00026.18000
00026.18000
00026.18000
00026.18000
00026.18000
00026.18000
00026.18000
00026.18000
00026.18000
00026.18000
00026.18000
00026.18000
00026.18000
00026.18000
00026.18000
00026.15000
00026.15000
00026.15000
00026.14000
00026.14000
00026.14000
00026.14000
00026.14000
00026.14000
00026.14000
00026.14000
00026.14000
00026.14000
00026.14000
00026.14000
00026.14000
00026.14000
00026.14000
00026.14000
00026.14000
00026.14000
00026.14000
00026.15000
00026.15000
00026.15000
00026.15000
00026.15000
00026.15000
00026.15000
00026.15000
00026.15000
00026.16000
00026.16000
00026.15000
00026.15000
00026.15000
00026.15000
00026.16000
00026.16000
00026.16000
00026.16000
00026.16000
00026.16000
00026.16000
00026.16000
00026.16000
00026.16000
00026.16000
00026.16000
00026.16000
00026.16000
00026.16000
00026.16000
00026.16000
00026.15000
00026.15000
00026.16000
00026.16000
00026.16000
00026.16000
00026.15000
00026.15000
00026.15000
00026.15000
00026.15000
00026.15000
00026.15000
00026.15000
00026.14000
00026.14000
00026.13000
00026.11000
00026.11000
00026.11000
00026.11000
00026.11000
00026.10000
00026.11000
00026.11000
00026.10000
00026.10000
00026.10000
00026.10000
00026.10000
00026.11000
00026.11000
00026.11000
00026.11000
00026.11000
00026.11000
00026.11000
00026.11000
00026.10000
00026.10000
00026.10000
00026.10000
00026.10000
00026.10000
00026.10000
00026.10000
00026.10000
00026.10000
00026.10000
00026.10000
00026.10000
00026.10000
00026.10000
00026.10000
00026.10000
00026.10000
00026.10000
00026.10000
00026.10000
00026.10000
00026.10000
00026.10000
00026.10000
00026.10000
00026.10000
00026.10000
00026.09000
00026.09000
00026.11000
00026.11000
00026.11000
00026.11000
00026.11000
00026.11000
00026.11000
00026.11000
00026.11000
00026.11000
00026.11000
00026.10000
00026.10000
00026.10000
00026.10000
00026.10000
00026.10000
00026.10000
00026.10000
00026.10000
00026.09000
00026.09000
00026.09000
00026.09000
00026.09000
00026.09000
00026.09000
00026.09000
00026.09000
00026.09000
00026.09000
00026.09000
00026.09000
00026.09000
00026.09000
00026.09000
00026.09000
00026.09000
00026.09000
00026.09000
00026.09000
00026.12000
00026.12000
00026.12000
00026.12000
00026.12000
00026.12000
00026.12000
00026.12000
00026.13000
00026.13000
00026.13000
00026.13000
00026.13000
00026.13000
00026.13000
00026.13000
00026.13000
00026.11000
00026.11000
00026.11000
00026.13000
00026.13000
00026.13000
00026.13000
00026.13000
00026.13000
00026.13000
00026.12000
00026.12000
00026.12000
00026.12000
00026.12000
00026.12000
00026.12000
00026.12000
00026.12000
00026.12000
00026.12000
00026.12000
00026.12000
00026.12000
00026.12000
00026.12000
00026.12000
00026.12000
00026.12000
00026.12000
00026.12000
00026.12000
00026.12000
00026.12000
00026.12000
00026.12000
00026.12000
00026.12000
00026.12000
00026.12000
00026.12000
00026.13000
00026.13000
00026.12000
00026.12000
00026.11000
00026.11000
00026.11000
00026.11000
00026.11000
00026.11000
00026.11000
00026.11000
00026.11000
00026.11000
00026.11000
00026.11000
00026.11000
00026.11000
00026.11000
00026.11000
00026.11000
00026.11000
00026.11000
00026.11000
00026.11000
00026.10000
00026.10000
00026.11000
00026.11000
00026.11000
00026.11000
00026.11000
00026.11000
00026.11000
00026.11000
00026.11000
00026.11000
00026.10000
00026.10000
00026.10000
00026.11000
00026.11000
00026.11000
00026.11000
00026.11000
00026.10000
00026.10000
00026.10000
00026.10000
00026.10000
00026.10000
00026.09000
00026.09000
00026.09000
00026.09000
00026.09000
00026.09000
00026.09000
00026.09000
00026.09000
00026.09000
00026.09000
00026.09000
00026.09000
00026.09000
00026.09000
00026.09000
00026.09000
00026.09000
00026.09000
00026.09000
00026.09000
00026.09000
00026.09000
00026.09000
00026.09000
00026.09000
00026.09000
00026.09000
00026.09000
00026.09000
00026.09000
00026.09000
00026.09000
00026.09000
00026.09000
00026.09000
00026.09000
00026.09000
00026.09000
00026.08000
00026.08000
00026.08000
00026.08000
00026.08000
00026.08000
00026.08000
00026.08000
00026.08000
00026.08000
00026.08000
00026.08000
00026.07000
00026.07000
00026.07000
00026.06000
00026.06000
00026.06000
00026.06000
00026.06000
00026.06000
00026.06000
00026.06000
00026.06000
00026.06000
00026.06000
00026.06000
00026.06000
00026.06000
00026.06000
00026.06000
00026.07000
00026.05000
00026.05000
00026.05000
00026.05000
00026.05000
00026.04000
00026.03000
00026.03000
00026.03000
00026.03000
00026.03000
00026.03000
00026.04000
00026.03000
00026.02000
00026.02000
00026.02000
00026.02000
00026.02000
00026.02000
00026.02000
00026.02000
00026.03000
00026.03000
00026.03000
00026.03000
00026.03000
00026.03000
00026.03000
00026.03000
00026.02000
00026.02000
00026.03000
00026.01000
00026.01000
00026.01000
00026.01000
00026.02000
00026.02000
00026.03000
00026.02000
00026.02000
00026.02000
00026.03000
00026.03000
00026.03000
00026.03000
00026.03000
00026.03000
00026.03000
00026.03000
00026.03000
00026.03000
00026.03000
00026.03000
00026.03000
00026.03000
00026.03000
00026.03000
00026.03000
00026.03000
00026.03000
00026.03000
00026.03000
00026.03000
00026.03000
00026.02000
00026.02000
00026.02000
00026.02000
00026.02000
00026.02000
00026.02000
00026.02000
00026.03000
00026.02000
00026.02000
00026.02000
00026.02000
00026.02000
00026.02000
00026.02000
00026.02000
00026.03000
00026.02000
00026.02000
00026.02000
00026.02000
00026.02000
00026.02000
00026.02000
00026.02000
00026.02000
00026.02000
00026.02000
00026.02000
00026.02000
00026.02000
00026.02000
00026.02000
00026.02000
00026.02000
00026.02000
00026.02000
00026.02000
00026.01000
00026.01000
00026.02000
00026.02000
00026.02000
00026.02000
00026.01000
00026.01000
00026.01000
00026.01000
00026.01000
00026.01000
00026.01000
00026.01000
00026.01000
00026.00000
00026.00000
00026.00000
00026.00000
00026.00000
00026.00000
00026.00000
00026.00000
00026.00000
00026.00000
00026.00000
00026.00000
00026.00000
00026.00000
00026.00000
00026.01000
00026.02000
00026.02000
00026.00000
00025.99000
00025.99000
00025.99000
00025.99000
00025.99000
00025.99000
00025.99000
00025.99000
00025.99000
00025.98000
00025.98000
00025.98000
00025.98000
00025.98000
00025.98000
00025.98000
00025.98000
00025.98000
00025.98000
00025.98000
00025.98000
00025.98000
00025.99000
00025.98000
00025.98000
00025.98000
00025.98000
00025.98000
00025.99000
00025.99000
00025.99000
00025.99000
00025.99000
00025.99000
00025.99000
00025.99000
00025.99000
00025.99000
00025.99000
00025.99000
00025.99000
00025.99000
00025.99000
00025.99000
00025.99000
00025.99000
00025.99000
00025.99000
00025.99000
00025.98000
00025.98000
00025.98000
00025.98000
00025.98000
00025.98000
00025.98000
00025.98000
00025.96000
00025.96000
00025.96000
00025.95000
00025.95000
00025.95000
00025.95000
00025.95000
00025.95000
00025.95000
00025.95000
00025.95000
00025.95000
00025.95000
00025.96000
00025.96000
00025.96000
00025.95000
00025.95000
00025.95000
00025.95000
00025.95000
00025.95000
00025.95000
00025.95000
00025.95000
00025.95000
00025.95000
00025.95000
00025.95000
00025.95000
00025.95000
00025.95000
00025.95000
00025.95000
00025.95000
00025.95000
00025.95000
00025.95000
00025.95000
00025.95000
00025.95000
00025.95000
00025.95000
00025.95000
00025.95000
00025.95000
00025.95000
00025.95000
00025.95000
00025.95000
00025.95000
00025.95000
00025.95000
00025.95000
00025.95000
00025.95000
00025.95000
00025.95000
00025.95000
00025.95000
00025.95000
00025.95000
00025.95000
00025.95000
00025.95000
00025.95000
00025.95000
00025.94000
00025.94000
00025.94000
00025.94000
00025.94000
00025.93000
00025.93000
00025.93000
00025.93000
00025.93000
00025.93000
00025.93000
00025.93000
00025.93000
00025.93000
00025.93000
00025.93000
00025.93000
00025.93000
00025.93000
00025.93000
00025.93000
00025.92000
00025.92000
00025.92000
00025.93000
00025.93000
00025.91000
00025.91000
00025.91000
00025.91000
00025.91000
00025.90000
00025.90000
00025.90000
00025.90000
00025.90000
00025.90000
00025.89000
00025.89000
00025.89000
00025.89000
00025.89000
00025.89000
00025.89000
00025.89000
